const bonesInv = [[
      1, 2.38419e-7, 0, 0,
      0, 0, 1, 0,
      2.38419e-7, -1, 0, 0,
      0, 0, 0, 1
    ],[
      1, 0, 0, 0,
      0, 0, 1, -1.135938,
      0, -1, 0, 0,
      0, 0, 0, 1
    ],[
      1, 0, 0, 0,
      0, 0, 1, -2.271877,
      0, -1, 0, 0,
      0, 0, 0, 1
    ],[
      1, 0, 0, 0,
      0, 0, 1, -3.407815,
      0, -1, 0, 0,
      0, 0, 0, 1
    ],[
      1, 1.31424e-7, 1.98759e-7, -6.26319e-7,
      0, -0.8342368, 0.5514062, -2.88576,
      2.3828e-7, -0.5514062, -0.8342366, 2.629133,
      0, 0, 0, 1
    ],[
      1, 3.6519e-7, 5.94823e-6, -2.21616e-5,
      0, -0.9981211, 0.06127077, -1.18777,
      5.95943e-6, -0.06127095, -0.9981212, 3.718758,
      0, 0, 0, 1
    ],[
      1, 0, 0, -0.855,
      0, 0, 1, -4.688161,
      0, -1, 0, -0.9632412,
      0, 0, 0, 1
    ],[
      1, 0, 0, 0.855,
      0, 0, 1, -4.688161,
      0, -1, 0, -0.9632412,
      0, 0, 0, 1
    ]];
    
var bonesMat = bonesInv.map((x) => {
    var m = mat4.create();
    mat4.invert(m, x);
    return m;
})

var bonesLocal = [[1, 0, 0, 0,
0, 0, -1, 0,
0, 1, 0, 0,
0, 0, 0, 1],
[1, 0, 0, 0,
0, 1, 0, 1.135938,
0, 0, 1, 0,
0, 0, 0, 1],
[1, 0, 0, 0,
0, 1, 0, 1.135938,
0, 0, 1, 0,
0, 0, 0, 1],
[1, 0, 0, 0,
0, 1, 0, 1.135938,
0, 0, 1, 0,
0, 0, 0, 1],
[1, 0, 0, 0,
0, 0.5514063, -0.8342368, 0.3767321,
0, 0.8342368, 0.5514064, 0.957687,
0, 0, 0, 1],
[1, 0, 0, 0,
0, 0.06127097, -0.9981213, 0.3767321,
0, 0.9981213, 0.06127077, 0.957687,
0, 0, 0, 1],
[1, 0, 0, 0.855,
0, 1, 0, 1.280346,
0, 0, 1, 0.9632412,
0, 0, 0, 1],
[1, 0, 0, -0.855,
0, 1, 0, 1.280346,
0, 0, 1, 0.9632412,
0, 0, 0, 1]];