const bonesInv = [
    [1, 0, 0, 0, 0, 0, 1, 0, 0, -1, 0, 0, 0, 0, 0, 1],
    [1, 0, 0, 0, 0, 0, 1, -3.407815, 0, -1, 0, 0, 0, 0, 0, 1],
    [1, 0, 0, 0, 0, -0.8342368, 0.5514062, -2.88576, 0, -0.5514062, -0.8342366, 2.629133, 0, 0, 0, 1],
    [1, 0, 0, 0, 0, -0.9981211, 0.06127077, -1.18777, 0, -0.06127095, -0.9981212, 3.718758, 0, 0, 0, 1]
];
    
var bonesMat = bonesInv.map((x) => {
    var m = mat4.create();
    mat4.invert(m, x);
    return m;
})

var bonesLocal = [
    [1, 0, 0, 0, 0, 0, -1, 0, 0, 1, 0, 0, 0, 0, 0, 1],
    [1, 0, 0, 0, 0, 1, 0, 3.407815, 0, 0, 1, 0, 0, 0, 0, 1],
    [1, 0, 0, 0, 0, 0.5514063, -0.8342368, 0.3767321, 0, 0.8342368, 0.5514064, 0.957687, 0, 0, 0, 1],
    [1, 0, 0, 0, 0, 0.06127097, -0.9981213, 0.3767321, 0, 0.9981213, 0.06127077, 0.957687, 0, 0, 0, 1]
]